17 3090 9046 6168 7255 656 4659 7856 5279 9478 7407 3127 2034 3847 2960 5958 7909 1300
12 7957 5991 8394 1821 8452 2594 1301 6210 9545 6011 4348 6997
17 519 5868 9996 364 7291 7591 393 9088 6506 6278 9861 9007 1540 9499 5057 669 1645
19 6689 474 9128 6192 5777 172 8995 907 2640 106 3086 5197 1526 6700 5095 2764 5960 5758 8260
16 1776 6849 697 1655 9464 169 2473 5553 389 2326 8363 8503 7039 9517 8884 8429
16 606 4090 1630 5006 9926 4973 1365 6805 8968 5348 4741 8454 8255 4909 9227 6148
26 6663 6502 1530 4502 7737 6739 9065 772 7941 7143 6181 6462 4543 9142 7790 3256 6572 5590 571 9885 2195 2474 4181 1226 8371 2848
26 4679 3119 3970 4888 2108 9516 7629 1008 1679 5708 8550 2213 8746 8873 534 7179 4237 1007 6225 5178 3265 9454 3275 5545 3043 5865
22 7499 2695 6558 9559 3602 9795 9116 3818 1023 7139 703 4671 9391 3835 460 3151 6991 2516 4729 4013 3880 2280
31 5934 2424 3572 4980 417 1102 7535 2453 4584 5941 9474 4351 887 4512 43 3801 3198 4262 5397 8964 7821 7056 3762 9936 662 1958 2252 6637 5476 5077 7036
15 9679 1407 6155 498 4029 348 5557 3469 1738 7809 8891 9301 7235 3076 3032
28 5324 6654 6239 1206 8815 9043 1501 1448 695 4804 8763 2389 6105 3935 4889 7583 7336 5438 468 1174 5972 630 6545 2747 2038 8701 1247 6260
21 2735 3708 6085 7006 5097 8960 2148 118 4925 6397 6432 7969 5286 7054 4364 1153 8001 8178 8002 8980 7906
35 5860 3546 2293 8588 4405 7364 7411 1169 514 7829 716 9319 7987 3610 5442 8268 1217 9879 1953 3756 28 6224 4427 4102 2873 7981 1099 6477 3923 2730 68 2843 4160 9970 3543
9 563 8973 560 8695 3258 1930 576 1624 1000
25 8758 9636 6523 6196 6272 7745 8245 9479 4073 663 5482 2205 7781 3374 2678 3303 5110 6528 5831 3998 4501 8589 1354 447 1808
18 9409 3527 3773 5955 5779 5371 6980 3517 1974 4368 5015 5365 5749 3040 3273 879 9532 2530
13 5235 5227 7585 1904 1 633 1256 9019 9519 9451 3559 8723 1242
29 4758 190 7768 1994 1580 3537 2852 2675 993 6932 3811 5163 1282 9604 800 4440 3356 3300 556 8335 8202 4412 3523 913 1295 2890 900 4983 1559
17 6916 19 7319 3066 4141 7092 2696 9684 97 7122 9642 7105 2193 8156 7356 4156 8611
8 9888 7810 2523 9382 7277 6182 5982 5571
35 8477 9090 206 4153 830 5650 2771 4503 9440 9248 6156 808 2810 8105 8291 4979 1342 5326 2517 8852 9193 8537 1397 8707 204 4041 8313 2170 8499 690 3576 8152 3698 6445 3386
34 2316 7114 530 6360 7683 5783 6705 1324 1239 4331 1101 7014 2290 3007 3070 3295 7935 1029 9941 9541 7966 738 1183 7388 2466 8107 5325 2257 2521 7215 1731 1456 5848 7676
21 2061 3596 3989 7243 1252 5291 8665 1985 8018 2565 2397 4667 9240 6165 1668 361 6064 5456 4578 6960 4622
31 5086 3276 4635 3083 3966 2323 1762 6597 379 9006 5385 6505 3595 8689 3545 7099 7921 4849 4816 4715 2475 6091 6233 7450 2767 2145 7568 8463 3480 8898 3284
13 4058 8020 4109 2717 4965 2557 6463 6112 6664 623 4901 1254 7459
20 4618 8783 2422 5562 7630 2670 4567 7871 8997 2358 6396 7895 1659 5555 755 3733 1014 7577 9922 2724
29 7929 5237 1010 8823 3680 6101 8273 2076 4497 7837 7103 509 4224 5725 6726 6920 7091 8199 2563 1053 8829 4012 3074 3944 9730 8315 1950 7826 218
12 1867 3540 7314 2856 2635 2077 992 9276 2386 3434 1004 4796
23 3817 9084 8848 3991 3193 9848 4473 2236 347 4719 7545 2149 373 2125 8753 2391 4129 667 2905 7814 2922 4220 7183
11 7401 3197 965 318 1977 1355 708 9249 4361 4678 3870
24 4855 4873 2742 6409 4291 2927 6009 3729 4527 5588 6022 8333 9343 8818 2985 9390 3677 6273 9387 7087 9277 3724 2114 1987
6 273 666 6582 7271 9230 6527
22 3444 3918 4467 6452 6861 4457 9480 3152 5785 9783 7354 5733 1401 4946 139 1385 3301 7168 9873 1044 257 7937
25 8703 817 6756 4830 9751 1346 9963 377 5008 3269 6378 4343 2762 3101 8887 6938 6869 6427 8913 6606 9773 1577 9793 86 8433
23 117 7287 874 135 3554 1863 8035 7448 8164 485 4800 6163 897 459 7817 7967 4533 151 4690 4251 3262 7741 3560
9 7913 4666 4450 636 1459 8605 1087 8044 4649
16 6695 7028 200 9105 1491 6538 2776 1537 388 4301 4337 869 8717 3644 2158 5859
13 3549 3294 6455 7446 4115 1910 3190 5838 1143 2155 4590 7439 9803
17 7040 9649 209 9251 1836 8729 2687 2202 8418 7332 2863 8145 504 7390 6365 438 3664
27 3855 3579 6206 3833 9130 4017 1331 2388 5021 4209 2808 2438 683 242 6604 3511 3391 8473 6184 6759 8907 2812 9764 6390 1552 5130 2755
7 3371 2079 3092 8133 7710 7110 3259
22 6831 1406 1363 3614 7071 1017 4619 4518 4524 3902 1124 5128 3427 3059 4928 8264 4189 1576 8327 8461 7851 6350
20 8708 8630 5500 2973 2338 6402 1553 9928 5405 6681 9574 7587 1783 3266 686 6620 3342 4238 7767 6834
26 9675 3640 1524 7567 4602 3038 9710 8555 6956 3952 7187 2314 5134 1302 819 793 4730 5851 264 4174 5142 1262 3792 3819 5819 1060
7 6198 3148 3910 615 856 2660 2049
31 5769 1384 6164 9640 6742 2250 100 1349 9177 8617 4696 8296 5603 7998 4840 6833 5529 9029 2522 8081 226 727 367 5206 9755 1847 9614 598 6507 4077 3617
10 2384 1670 2269 6520 3954 7008 270 8923 4823 465
30 9449 2132 8173 2368 3648 7724 342 2835 4378 5172 3141 4499 7024 2341 1819 4732 4982 7868 7076 1249 9551 5671 6524 3440 9802 4261 9371 9787 8319 5003
9 4307 7108 2110 5610 1922 4516 2615 3887 6721
27 7070 9405 9495 3816 6503 8236 3636 4063 5914 6363 3977 4997 6149 9212 8841 8872 8197 4708 1103 9253 427 673 7251 9069 1579 2926 7011
22 375 109 7927 8803 7193 3194 3181 2558 1117 7080 2407 4688 1042 3856 4903 7853 1321 6668 6646 334 6555 3367
22 6381 4387 4661 8536 2916 4024 952 9028 7562 5323 310 7359 652 9059 9373 5735 5599 5395 480 5443 6439 626
14 1040 2838 2118 95 1386 9492 6638 6399 629 7633 6120 3216 1844 7093
19 9325 8302 4624 6645 2654 1168 1458 847 3507 103 6578 9489 8389 9063 8515 2301 5204 5705 3478
18 3307 2738 873 3292 7106 5880 4517 6810 7095 3926 4926 954 4005 7476 4504 3287 3591 4241
29 222 3257 5771 2056 2937 8523 7216 4756 9264 2467 6036 2375 9270 2796 2189 8475 5984 1814 5947 5905 1975 2824 4447 932 4626 8948 6322 7946 7756
26 1005 9463 5535 9485 9743 8530 102 6989 6716 9612 408 1411 7944 7974 5827 3959 7646 5645 8977 3407 4275 7839 4192 8641 1805 811
13 9550 2207 2404 7456 4969 5684 5394 2614 1790 67 543 2430 9380
9 3167 7948 6349 7214 2847 4197 2103 1865 6294
11 423 4494 7704 442 1399 9997 8311 3971 4962 8941 9131
17 3555 1803 6319 594 7250 9969 2282 7771 7634 4509 6355 2127 2287 1127 5714 8122 3712
20 5300 9935 9320 3490 4657 7246 2732 3098 3099 8956 5700 9000 6238 4052 4180 7702 8519 431 1887 4120
15 1135 2494 8362 1229 8734 2091 3235 6796 2779 73 6118 3987 5311 398 2134
7 8329 3990 5748 6186 3026 4887 5370
21 3578 7113 4353 7592 6292 894 4144 3299 220 1615 7644 5053 4146 4766 2450 1064 1892 3727 3934 4759 8185
32 5424 9402 5954 7323 9164 1835 2857 9222 7532 397 5123 83 1308 2854 689 4044 9998 3960 3777 6117 6429 5233 3678 5925 2725 750 4308 5331 9332 9938 1813 7069
18 4071 7993 5089 9815 6498 1693 6643 7043 4006 5965 6653 4757 4922 8369 1894 7303 6295 807
25 4894 8736 3291 5417 7750 4033 5911 4712 4449 866 5139 5195 1574 9041 7317 3683 9243 6586 8195 5209 1437 792 2550 9567 6479
13 920 3826 4196 439 5477 2041 2981 8244 8289 4899 4138 1722 406
30 549 7180 8574 1518 507 5830 5045 1257 5564 6056 7931 8261 4893 9790 2837 6444 4912 5687 4560 6134 7578 7875 3268 3658 8276 2836 4554 5652 616 8957
20 9799 8557 7347 5391 9384 8958 9447 8347 875 6010 7500 9294 9145 6693 9486 9383 4392 6045 1923 9430
12 2559 3358 6154 5789 1329 8032 6166 6988 2499 1333 8137 6494
31 6277 2603 4170 8382 6069 4137 4704 8116 826 9151 8014 9143 7806 1045 6772 9298 1050 4770 5877 3186 426 4751 5075 8295 6941 4684 4752 3012 4133 2113 3264
21 961 5808 4194 2399 3795 6340 9617 2817 1494 9505 8058 6800 6140 3210 434 6375 3561 9091 1140 5471 1084
18 372 9864 9273 5962 6907 6864 2383 3039 624 2546 4971 4963 1730 1205 573 2308 8070 1088
34 7952 5875 5295 4869 1647 5433 4326 3203 2415 6106 8918 4669 618 740 4591 2631 3351 8129 2093 6707 2340 3912 9448 4175 6371 9994 7300 9008 7219 2185 9960 3064 1510 5659
19 3654 5284 5502 2237 5463 1740 3048 6934 5327 5673 140 1398 3172 1043 6317 8013 7586 8221 1139
16 1273 2166 8462 7876 3666 3112 8615 4344 4400 715 6243 1067 3848 675 1951 5415
15 24 7398 608 1830 1729 4481 1886 9381 3155 6331 76 454 8284 7061 5244
18 2869 1013 2147 6842 5234 5135 6346 7555 2192 5329 4456 6642 5314 9110 5313 512 9868 5020
21 6807 7198 3354 57 2754 5952 7150 2264 4559 4898 6469 8491 6774 521 3662 2778 6714 1270 1691 5961 5478
28 8962 5948 4833 6420 9002 8937 5837 1768 7498 9433 8064 1236 7999 9844 4082 7003 8248 6050 5030 7295 8165 1479 3015 2238 5361 9776 9796 901
16 8670 2913 7032 7925 500 3331 2428 6049 6690 1070 3504 2806 8083 1677 4332 6419
23 4637 1860 5540 640 4953 9842 3513 5087 2875 4062 7654 8125 2737 3443 1307 1154 8242 8750 8015 985 8778 4321 7049
14 4150 9852 8902 9925 6687 87 2392 9893 4465 301 790 8352 4311 7986
34 6115 6150 2539 6567 7253 5853 6422 5803 659 4879 8638 3570 8460 4489 7007 4487 5171 6382 1775 9016 6878 8577 9086 1916 7469 2820 4577 1483 4861 6959 4479 5055 4319 818
19 3988 2641 7355 1416 2309 5167 2364 1056 6651 407 5736 9648 8569 3633 6943 5044 295 557 8897
29 5885 7320 7638 4826 2333 3493 704 5170 5100 6746 7680 6622 7130 4486 6130 4114 4498 2085 2785 8457 5277 5346 631 2259 2070 5894 5125 8874 9887
20 8890 8954 7598 4360 1885 7723 5349 7538 6867 7022 5916 123 1760 1619 9591 9296 430 4790 4799 1082
9 2917 8024 3368 951 3047 5091 4476 2224 479
31 2720 9166 892 1221 9654 9477 2217 1311 5193 1779 3997 9724 3846 538 2532 1921 7819 6083 1781 7550 3217 3353 3730 8769 5927 1675 1089 3175 6964 1751 7182
38 541 4781 5369 4686 5158 1215 4099 2275 7769 8659 8926 1391 1681 2513 2452 2052 9333 859 5681 8656 760 2971 1370 4222 3628 8392 2636 6791 5834 7437 4633 7617 6872 1141 4897 5798 9971 2773
29 2883 7612 3601 6473 5303 9949 4930 4798 7066 1338 7474 3874 8027 5073 9671 517 6387 9884 1493 5149 9835 1765 7328 404 4488 4022 8606 7758 1191
31 1209 567 2975 5757 6550 9341 7135 3685 9482 2248 8416 1756 2715 1850 5364 8314 4407 7265 7233 6369 9791 2868 7603 6373 8384 8232 6229 8677 6919 3514 2210
30 4143 8262 1030 7666 6563 313 6893 1152 930 3609 8510 9388 2534 3946 7627 4746 3455 4322 7107 8280 5002 4201 8399 6760 9257 251 5022 7537 5312 4846
35 5445 1170 7224 4807 2982 2181 8951 2304 2984 3621 1348 890 5033 8186 4685 6447 5730 914 1171 692 8233 3694 2625 2672 1648 5524 8100 9781 6944 2318 8405 3872 9025 9786 1939
29 6228 4414 6410 9104 1755 8529 7642 4724 1912 4491 2048 1012 724 8140 1736 5384 6532 3736 2454 888 2746 7597 8061 5924 8507 6782 7175 3858 966
25 622 6457 5996 3073 4782 8831 908 2272 1428 5004 3447 946 3387 3081 5828 628 3814 4780 1848 5065 5836 9596 8879 3630 5857
4 769 6139 8967 7376
14 1833 9985 2881 5539 5263 4607 8761 969 7764 3476 542 1876 7237 8563
13 6961 9052 9012 9297 3783 922 4643 6618 425 5099 8326 129 5071
21 29 699 3396 2497 4938 7847 7777 8719 9672 7559 9502 5459 1708 6330 3931 5850 9399 2294 9940 4399 5543
12 1664 9920 1223 6710 1797 6512 853 3839 2652 3930 5903 5665
19 55 2942 9627 3544 4613 1465 5751 6270 9458 1521 1211 7830 5278 6605 2595 5878 8553 5790 4900
19 9523 6329 9267 9252 7153 8972 4168 6675 2872 5151 746 5269 6074 7238 182 3741 2862 9558 2794
14 6466 6529 6304 8915 3566 5069 7239 938 8109 8134 1980 8693 1555 4891
13 9216 4546 8328 3105 2992 3036 4007 5050 2160 8909 9377 5953 7824
12 9283 726 2718 5867 8142 6209 762 8046 1614 5587 980 8949
8 4842 6199 9965 9349 2486 3687 4069 4716
18 9514 477 4112 1260 2825 5628 2362 4838 1442 562 5461 3641 5855 7976 3892 3857 9637 7714
27 9140 2536 9602 8434 1550 6356 671 1294 5238 8851 8857 8307 5999 4906 2768 2004 9017 5035 3900 968 4864 1798 8866 6614 6441 2544 1410
34 2576 5491 3317 1843 7698 7211 529 7019 3261 9812 3691 2766 3509 4924 6821 1476 6146 4647 2500 8513 9386 8381 6516 2674 7980 8570 1452 2683 9198 392 1207 6890 3562 8535
18 4742 568 3951 3947 6475 2651 1281 6762 8990 6283 3981 5481 7363 8153 9181 5979 7641 2273
28 6815 3249 3430 4107 6173 7263 6013 5116 387 536 2804 2241 4564 3924 2244 7142 1666 3917 2197 919 9439 6194 8751 1462 7565 4977 7154 5841
26 1138 1113 1564 8637 1792 2600 986 6871 7282 4398 7805 3843 9438 4939 816 9734 3150 7352 733 731 195 6609 4526 6400 7760 4662
10 4346 7325 2759 574 6175 3715 9878 590 8375 9304
23 1888 4260 7546 8554 3220 9202 4605 8694 4247 5221 2948 8099 3135 2186 1682 3515 644 1739 7268 3002 2353 1699 6170
29 734 1593 2455 6029 8348 7916 9263 9133 7971 7857 8551 3661 1870 1541 9221 836 4004 903 8060 8322 5081 8456 2827 2816 5533 6955 1903 2271 3289
13 3149 2538 3510 2896 7208 552 1181 9070 5847 21 1048 1339 8789
30 7119 842 8786 6220 8034 9832 2613 3482 7466 6279 7894 7508 8562 3895 122 8009 5274 9183 2468 723 8162 8709 1749 6124 3248 8714 9759 9865 2814 1343
25 4214 5818 7379 5426 6178 1748 7267 3323 5249 5577 3392 1618 5164 2965 7526 2249 5432 8467 2564 401 7310 6981 3734 3984 6518
35 4059 8932 3976 4299 8991 9681 4786 6062 2187 8801 3432 8511 9758 5023 2861 7949 6655 4067 9175 8526 5618 4448 5940 2030 8894 6701 3423 6007 1403 4785 1312 9555 5696 2203 5225
16 5018 4877 8370 2605 4020 8110 3784 9731 3247 3731 6223 2370 6423 9810 5968 8054
24 7862 1111 422 8806 2075 2025 3845 929 2740 3968 2354 5255 6055 2012 4972 8345 2307 1133 3460 3184 2157 9714 998 976
18 157 7129 245 533 3398 4913 8998 1393 9607 6231 4777 5211 9460 3013 9966 3516 2879 89
25 2986 2714 1959 164 92 9737 2292 2921 4689 6696 8492 8218 8705 4259 9688 1538 9661 4721 7518 8114 4697 7722 3791 4091 7527
17 9313 3005 7779 9754 9919 3234 305 1857 2493 600 8240 5121 1868 0 9461 325 7002
31 297 7512 1970 2261 3701 9375 7595 3165 7081 2924 9268 2179 2040 6519 5995 916 1328 7397 1786 3684 4612 6299 2707 9618 7084 6300 6594 7297 784 3838 6342
30 3055 7020 8224 3921 1684 9610 9576 2355 7513 2174 9226 5372 4550 5268 2086 6171 8933 7918 6174 4097 632 7753 17 5776 411 7348 1585 1173 2902 7733
23 6541 2512 8207 511 5656 6809 9364 1412 1299 8830 4358 1597 9774 3161 9099 7100 1881 6153 6217 926 4911 9013 1705
31 1978 864 8448 3616 6119 6133 2543 4989 4236 15 9968 5041 4747 276 8545 6332 186 4809 815 3242 9415 8084 1661 4284 7343 8455 5845 1898 6840 3063 5248
37 2519 7711 4575 1640 5668 3370 645 9466 691 7715 4714 1531 2901 6443 2 9023 1914 1395 5180 7331 4106 9039 8676 2980 9368 2215 8365 9465 7696 5871 3886 9154 1093 2540 7766 343 9417
26 3103 7329 6765 8419 6438 6261 9972 4636 8072 4916 1368 7755 6939 8334 4881 3438 2398 2222 2932 5918 6509 2877 899 5811 1823 2815
11 4525 2356 6123 8274 4482 895 9537 8118 8938 6544 6453
13 5341 4885 3362 9843 6866 333 3213 2708 5427 5270 80 619 835
20 2912 8209 2401 8521 3938 7190 5267 2653 374 8869 2866 486 3957 8282 5591 9749 2408 6358 2410 2508
20 3281 6110 1995 7874 7380 208 3102 6587 8631 7361 9106 1709 6495 2039 6176 6758 6667 5589 8875 7482
29 5716 5743 6307 199 9871 1222 3732 3958 8597 5579 1595 1429 1532 6562 3501 6625 2850 6612 7101 9250 9050 2728 651 4367 7338 2943 2865 8893 1562
20 957 8586 8198 9705 1685 9127 64 1862 3531 7564 2541 8235 3010 1059 5752 9129 4778 3713 5840 3120
24 6724 3196 493 4202 4587 5799 3949 1415 5465 2122 9302 2175 742 8813 9674 7299 2295 2365 2744 4298 8092 2763 1161 2669
11 88 7956 4428 1121 7236 4016 849 8306 5653 1478 9916
17 9305 1637 5517 4225 9613 1381 1440 3956 3577 8349 4283 1490 8451 4769 9507 3787 7410
28 445 6493 8832 3739 881 2665 4623 6041 4453 6921 7009 6846 863 5292 6940 7743 4165 3401 6144 3132 33 3604 3766 3180 9494 3224 4580 3656
13 7109 977 6886 9564 4744 3790 2846 3909 6713 8571 3028 9909 3422
14 3693 3384 5507 119 8192 2533 9398 2795 8230 2133 7524 6539 9766 2888
31 2465 7186 8447 4207 1460 2178 4958 6971 5844 6426 5824 7866 6824 8745 2611 9092 8067 9122 4765 4425 787 124 2496 9660 4691 955 3780 8488 2032 5398 8154
15 2020 6658 3779 9549 7883 5428 4021 8030 3122 3829 2907 1695 6230 4325 9329
24 7936 2031 9457 3117 353 4147 275 6806 6839 7757 613 9798 7547 4598 4650 6487 9932 5987 5521 4193 3637 9726 2819 4445
33 1097 1228 4910 975 3585 8085 9527 1487 3393 7812 352 6103 4282 7920 4711 4851 3574 5810 2561 7461 4505 5594 620 3109 4116 705 5322 1961 1966 4446 5280 5499 3279
27 8395 7553 128 8816 3842 5503 3721 2578 9900 8542 8953 8760 3285 2622 5709 2359 6362 1858 5506 5784 5454 79 1086 9004 2878 8870 4124
6 6822 1784 7804 7910 5067 9536
7 7861 4984 368 9152 8437 7362 3755
28 2008 9137 5214 4064 8856 9182 6480 578 5064 8883 7164 5527 7788 7651 4801 8649 8250 2371 5194 9959 2832 7828 9155 6621 3388 8825 4040 383
22 9003 3147 6297 5301 7305 2498 5031 255 1519 3979 8779 125 4025 2646 6691 5938 4416 3492 9961 5637 737 9317
22 2015 211 1721 9623 7392 6406 7879 3473 6312 2451 1988 2655 8201 2579 8269 4500 6935 9061 8607 6084 9770 6288
31 8406 4706 9469 3717 1272 3502 5409 8272 2107 1700 2417 2037 9136 736 4442 9877 6628 3195 5882 4581 9756 2005 5283 7160 5345 9468 2046 299 3711 548 2225
23 4309 8489 8892 3108 9524 607 380 5622 7207 1417 4117 1810 9785 3449 4092 3796 6436 4634 9170 7552 5761 923 8618
17 5598 3208 1869 802 6903 4205 1245 3524 5861 544 6905 6515 8572 706 4122 5988 4540
19 3030 7451 1177 7337 7840 871 7275 7712 959 7900 8051 279 2956 2299 9293 3212 449 7015 3346
22 3471 902 3603 6856 2470 127 5457 6672 8111 2987 2555 1549 185 804 2823 1136 7772 5854 8337 391 5931 3825
15 7141 8055 2074 2212 3809 2721 3000 9603 5774 9540 418 6958 2421 749 7374
15 768 5856 5541 7172 3453 1146 884 7 5079 3899 8441 4968 927 1015 1948
20 5970 6189 499 7483 3404 2414 149 1116 2712 6704 8771 4936 7261 2705 8340 2656 5874 6626 4865 4538
15 8102 9851 4761 3114 3475 2171 3905 3308 4654 7842 2978 6290 5600 8725 7433
25 8840 8021 6202 7226 6966 3124 2706 6657 3499 130 6848 2722 2478 1286 4333 1919 1126 1085 9414 7983 6673 2637 4239 9309 2411
28 4839 3049 5710 3512 9042 3993 1613 9075 7425 7234 7843 6596 5101 4921 6235 3145 9076 1172 525 5822 1080 6037 3520 9120 5024 7649 1472 5937
16 585 3758 9874 7312 8772 1529 6372 5980 9372 2088 1128 6828 1829 5198 8666 9374
19 4601 2589 4184 1240 4028 4544 7684 1706 3996 2101 3884 5051 7964 7888 9953 960 4324 7146 8453
11 719 3338 8996 3750 2319 7972 1327 4296 3781 3500 3528
30 8731 5387 4164 6718 4410 7685 5601 9068 7643 6491 4274 2444 7865 8193 7384 26 3130 3241 5525 7288 8680 9663 6099 5515 9956 5773 4231 6242 6113 5434
27 268 8104 9744 3325 6213 9195 1098 81 2373 3282 4701 6891 806 9233 6928 1711 8828 2201 1712 2970 2647 7869 3350 9747 5935 5179 3588
13 6031 7097 1686 3940 254 6416 5356 1639 3137 7615 1956 6644 5376
8 4495 7116 6200 9657 8955 6244 2591 2658
25 6901 5858 6450 1326 4493 494 8028 9160 8446 484 4608 3503 4870 9456 3864 7844 532 1599 635 8168 4545 2322 170 8265 4750
22 1353 7230 4630 6128 5054 2781 6639 5374 5298 833 384 5739 2214 7914 8052 44 5707 1216 2298 9650 2487 224
14 5406 9452 9011 3594 9109 2505 3465 2374 862 5486 9508 7990 8430 8862
24 8342 5572 4080 9557 6825 5382 7334 249 9571 7403 6829 8810 1289 4030 4614 4216 764 4230 9126 2976 4795 7163 4530 1020
31 7561 1984 9813 7602 3445 6305 9429 7256 9858 8585 9639 9322 8721 8470 8916 9470 1435 201 6077 904 7157 4640 5410 2723 2671 7509 7358 9024 7201 8808 4955
20 187 7435 1778 9462 1743 2996 3483 3551 3927 5638 8971 973 1091 858 4172 8959 6723 2929 7307 1212
9 1066 84 739 3461 5920 3906 4615 4027 6870
24 713 4583 5890 5699 3840 4065 2693 9534 1753 510 5747 4692 7797 63 7822 829 9271 9437 1732 3283 4354 9601 7460 2221
22 5649 3468 4130 9408 6476 9632 52 1179 2402 1071 4856 4985 8390 4789 470 1720 5639 577 3020 4390 6 685
23 7640 5113 3334 9702 2482 595 643 9073 9089 2104 8017 3436 4121 1444 5220 4878 8427 1167 2800 4178 2616 5165 4417
17 1528 3608 9072 6556 4235 1533 8003 5989 3716 3385 9967 2488 110 108 1665 5404 3631
19 5335 4379 2788 9078 989 8791 354 4366 7169 9027 2035 9238 9038 4014 1061 6015 831 1652 2169
27 583 7210 332 5156 9209 6570 5994 8075 8945 1051 4128 2630 3980 214 5484 7012 94 5936 8633 745 192 6193 1663 5647 4883 9184 3380
15 8175 7455 1251 9830 2934 4940 3169 4089 9655 4857 2346 8332 5390 6613 5362
29 2941 8376 6296 655 5240 5917 8112 4862 5400 9652 5169 8431 1834 6042 2859 7521 4674 7449 1434 9616 3706 3183 9051 1616 2925 3612 4820 3611 2983
11 8204 3160 2782 4003 9135 1587 8303 5825 143 6032 9573
19 1560 9347 9316 5120 846 7922 8259 9742 1644 9288 3466 3904 319 7566 6730 5210 2777 5513 9326
26 672 3245 2230 839 5511 4806 4645 6274 6082 8644 6757 4213 7573 3765 7689 74 3277 9894 2749 801 3820 5490 2204 4380 4702 1284
16 3580 3575 1142 5957 506 6969 7191 2797 6268 6333 5664 5005 9651 5793 359 8596
13 3025 4959 9255 7196 2128 9553 2209 3992 396 3689 262 5573 142
25 1735 2748 3129 2518 6454 5187 5642 9546 9394 2790 9837 3146 3450 9908 6682 9366 9821 2023 3682 6720 940 3703 1285 1586 8113
10 5304 6740 2649 6703 8445 5660 1475 9031 6190 1038
25 4829 9082 9272 8312 3031 6915 4086 3832 6025 855 198 4218 2242 9310 2069 3162 3383 7059 6993 8744 7151 7985 234 1261 2312
28 6252 7732 8101 9232 1197 4163 4821 8293 7645 1741 3748 5183 6763 2685 4817 2381 3355 7491 6100 8409 3978 9323 9875 1425 603 3558 5842 1929
28 741 2123 248 5816 2000 2919 3345 1846 7197 8486 1979 6699 5470 2437 9862 6736 1854 3179 9206 452 9746 2830 2080 49 5633 3863 5253 3994
22 5381 2006 5554 7557 381 6652 8671 6698 1937 8500 7422 1643 3592 5630 1073 2431 3389 9933 2427 2369 5612 2445
14 9979 4511 3381 5000 1011 2283 1092 7426 6314 4269 4242 7968 2251 8700
15 8559 8459 3541 780 9314 7759 767 872 788 1149 8251 9895 424 9178 410
12 6321 6947 1769 8931 8356 5098 5429 6035 7391 7204 3158 7472
28 6263 5615 277 3632 1634 6580 2406 4858 7903 4884 5092 4845 6038 6728 2506 3359 771 2047 4118 6325 6226 1380 2194 7831 3456 8654 9176 316
24 3743 8435 7648 5686 6141 6078 4371 7761 4871 4937 5317 3635 243 5157 3296 2302 1662 4808 3041 4271 9123 9736 4268 4186
16 9581 6877 4154 665 7579 6967 3439 7569 3230 5272 6889 2289 5408 3069 82 6434
16 1269 6004 9696 2167 6985 9033 1745 1062 9346 3071 8139 5159 1976 6933 9172 8921
22 6039 2769 7502 399 3948 6122 4198 6543 3336 6854 4573 2469 5229 4466 7030 6770 6986 6311 7436 5939 2886 9673
19 5717 6884 3017 7444 5103 4631 5066 8914 1366 9067 6301 3378 9241 6364 1306 3950 2770 1210 8480
29 1305 8149 4084 8464 7174 7901 3530 6910 1638 8063 3 2396 8822 7725 7531 3485 2545 3419 4859 6754 6599 3626 3681 958 9552 5474 9097 7111 5697
16 8520 5510 3403 935 9579 9624 8603 5462 7793 37 1402 1702 5479 905 8047 5173
29 7965 7140 3424 6255 1503 2731 6026 7162 3315 1660 6437 4832 7205 6513 9978 2191 3206 7593 5423 9986 7954 2821 5399 2456 778 7783 20 6271 6096
20 6706 7889 1002 3722 8911 8516 9498 6157 8845 5401 5257 7038 2953 7257 1935 5817 702 7057 2138 1055
21 4948 6159 9631 1777 832 8191 2673 5951 4328 1710 9370 8799 2042 2923 8299 3841 213 6490 1382 2325 8727
20 3457 4537 9543 4404 3270 8194 2741 177 1523 23 3056 4095 8712 5775 5609 7752 6368 8123 1962 2627
21 8728 6735 7086 7662 39 8413 2065 1364 2713 5042 3593 171 3399 6033 676 4289 8669 291 2443 8000 9472
25 4687 5393 2566 6413 4297 7232 5584 9889 156 6659 2156 4104 5559 7077 5219 8359 7285 1358 3337 323 7264 6990 6761 3111 3643
20 3564 1651 482 1500 6615 2105 9647 1110 7697 9950 8182 1942 304 518 6678 8048 1654 3023 2083 5578
12 580 1192 1744 551 3019 5469 1825 8053 6978 2449 8008 455
9 2432 3655 5480 9921 9814 5148 7530 3014 3313
16 6649 2899 2495 6352 5107 7682 9186 446 9339 861 6354 7997 8552 5029 2090 5063
25 61 2026 9944 5626 9712 4990 7068 5679 6953 1396 9237 1566 5168 964 8360 9995 7721 6499 4339 2255 6853 263 6750 8308 4987
14 1105 5756 2059 1565 3623 6197 1785 4563 810 3254 4886 5661 8424 2964
32 9752 7687 9503 8285 5620 9190 475 4541 9570 843 5702 6218 9379 2063 581 4768 4571 5956 5271 2484 9119 7240 3505 7158 8223 5884 371 2321 4418 329 5944 5485
26 4788 8323 7249 5347 6729 646 9035 4384 5310 4775 550 5804 1772 5537 9704 4234 2834 7815 9404 9529 6899 4753 1400 1905 948 8543
26 1178 5815 7729 9975 4767 5770 9074 490 4055 7389 6240 7626 2903 5904 8567 2199 9351 5 1793 1021 8619 8468 4 2243 2750 2165
11 5192 1605 8978 3875 5602 2999 2585 6407 7693 2053 6063
28 5161 4648 3263 4558 3319 9118 5766 8094 674 1259 8257 3085 582 5786 2841 9490 6204 889 1187 1632 160 8336 5177 5330 5669 8080 6911 464
17 6456 7575 451 1649 5418 5561 8623 3854 5826 8925 9432 5814 5111 1602 5666 805 8350
20 8179 9685 5636 601 3414 8188 5576 6081 3305 987 7624 2601 2535 5872 8400 6047 991 9767 5985 7058
16 6952 1874 5250 7065 6102 6948 3136 7062 3521 1895 9098 7688 229 1238 2130 3204
33 7877 5990 2198 5566 6425 5012 6048 896 7730 9156 2220 5835 4642 9141 561 9880 8115 7419 6709 2950 2022 7584 1696 8777 4303 4998 5202 7138 4905 1758 5046 5538 7795
28 700 7891 7373 7686 3366 7276 120 2270 7339 1166 1907 7178 7132 5472 8126 8817 3525 2485 2226 2860 798 6631 6534 7244 5047 6918 9753 3619
33 7799 945 7975 7867 2686 559 7344 6902 9729 4776 1960 8662 8687 6043 2109 3352 5728 5767 6337 4960 6588 781 132 5028 4422 6535 7242 3113 9467 9850 4490 7953 2813
17 489 6752 4836 9897 4828 5998 7145 6389 8741 5061 4718 7298 2931 1463 7542 8422 5501
13 9207 627 9845 8653 2551 6132 6593 6248 2246 3163 8026 1626 7223
22 6002 9820 4200 7430 3022 1106 617 9475 2044 4034 8560 7274 8895 2959 6883 6975 5729 7418 5558 5778 3920 6686
21 8773 7940 7266 909 6522 3763 5411 2084 7192 609 3649 5873 5644 5162 6950 221 7202 7996 5876 3218 770
11 8184 9763 9525 7053 8124 3670 6624 6051 8797 8877 8331
19 8420 5359 9030 9951 9620 3057 7548 1453 4617 6098 5451 3673 8502 6591 5883 1680 5460 7731 5895
6 9619 9406 4233 1276 2573 5174
24 8292 6135 6804 6942 6764 7494 4986 5695 3451 6237 5452 7907 8506 5556 714 3231 4272 7720 8900 8469 3890 2007 144 7539
14 3607 5727 9401 8040 950 984 6336 7808 3901 8407 3782 2909 3341 7713
16 7657 5213 5049 3200 1873 6357 5375 4256 9962 6882 886 7726 2972 8987 8383 4471
13 8675 8739 3426 9483 2182 2849 1351 5930 4994 1542 994 8089 9918
10 5497 8227 1582 6623 390 131 4991 962 2223 9577
19 8518 2297 5062 4043 2680 6679 1457 6561 207 3153 8604 7571 6065 9609 4203 7289 9560 9765 8850
10 2247 4208 5983 712 6464 5363 3488 3229 7161 1558
19 6424 8566 3462 9947 6771 3789 9678 7041 1081 2395 8610 7075 5141 7863 2786 1514 6246 7533 7825
9 7475 8965 3536 924 5396 2936 503 5742 6152
9 5245 5466 326 4629 7387 2095 6344 1855 1150
20 6160 7357 409 210 6023 6251 967 7493 9694 7231 3498 5473 8007 9706 7462 8539 4317 6650 8321 3021
3 7468 1546 3618
20 1866 2106 720 1233 2639 1913 5241 1246 7992 8899 526 8036 9261 4562 7485 1362 8905 8622 5978 6221
15 3692 400 3557 7152 3759 649 9228 2760 4221 5670 592 5350 7121 3725 9360
9 8578 1325 40 3425 9328 5105 4523 8402 6111
28 8950 2436 1218 6058 9064 751 5866 8190 8485 5009 121 8952 4734 4539 9299 8755 9363 363 9295 9957 5266 1025 9826 2050 7228 8838 5011 9711
5 9121 9471 7706 4253 7522
27 2920 1883 7677 6711 4705 2997 141 3770 9284 4249 3556 9983 4248 1688 5919 3187 5084 2701 9854 5800 7089 3084 7409 1350 6073 1137 5265
18 4094 6794 7792 1313 267 9037 1441 1182 4588 3297 1374 1213 9891 3932 8636 7950 1633 3402
33 3629 2233 5189 7574 497 9497 7558 115 5879 2057 5040 1464 2268 3201 1424 1291 4621 1446 2350 6937 9001 7018 941 2188 7850 7705 6661 4927 1202 3797 7133 9281 9771
27 1993 9246 9869 6818 8059 241 6280 1250 8970 4834 6930 6727 6094 6904 5862 4335 3045 1388 2668 3771 2168 6256 3942 756 5896 5547 4592
18 3239 3138 5285 2036 7034 4854 9044 2131 7625 4444 9443 3087 4737 1936 9811 2227 59 7700
10 677 7399 2357 6951 306 4811 2073 4057 9831 5150
9 9901 7346 1715 7453 5753 7044 4728 3941 9677
31 7911 7082 41 2305 6392 611 5036 2126 1746 949 8316 2874 8904 3077 5526 6838 6589 7620 5908 5191 5522 8627 3844 5549 1878 9794 6616 2629 3928 2677 4243
36 6670 8458 2681 9633 3191 2060 3435 1509 2979 5160 4031 7794 1271 1692 3862 8871 1872 7149 515 8992 5597 6079 8496 5258 9308 1964 1608 4726 3237 5224 6895 5731 9942 8211 7375 2691
16 9411 8699 1267 5892 9018 572 2434 5082 7315 9964 1561 2933 9444 1761 4902 8824
24 9563 5358 8573 1997 6293 5437 516 215 202 3597 134 7734 6808 5950 6812 8304 6249 3143 4287 6158 8908 8120 8582 2117
13 1757 789 5377 3936 5531 6508 2136 5492 2908 1938 9827 12 1304
15 9847 1323 7406 718 7934 6537 9062 883 4406 4266 8428 1603 3999 2758 3569
30 5440 7864 8548 9628 6634 8795 1733 7342 7778 5632 7381 5176 8764 2994 6431 3006 154 5430 5788 8626 1484 5974 8942 4215 7083 5718 1185 1347 8210 5108
12 1563 6066 461 1104 9208 4628 2151 7560 9780 6583 5318 4286
32 4882 6747 3068 6012 4658 6814 5043 709 2045 3896 4046 2477 8038 4992 8969 2433 7800 45 2666 281 5575 4434 51 7241 4841 7955 4108 6093 7739 136 5449 6533
27 2571 1838 3176 7102 4396 3879 660 4709 6850 6391 3925 3293 1277 9727 1310 8881 1610 4600 4542 3348 5740 4978 3728 9993 7393 4374 2152
15 5902 5034 9385 8079 5593 2343 4072 3115 8212 6982 1275 4549 1714 4388 4646
18 7229 5332 7610 386 8136 6366 5552 4710 6552 2582 3330 5019 4183 5781 4510 1377 298 8490
9 4066 1973 8481 3753 2765 2756 5026 6600 1545
15 6965 1100 502 8614 2464 1319 4492 5898 9760 4735 1454 1195 3110 795 181
3 311 3539 5821
6 203 7962 3707 6219 2068 2528
5 610 2736 7813 8722 2840
24 7318 4223 150 9804 6601 6089 5124 2977 9358 670 1840 256 1727 4100 5997 351 7031 4923 2010 324 3836 3860 8098 1569
30 9976 3409 457 2382 9419 66 7278 7746 294 7516 7045 5386 10 1075 7286 5981 9348 7292 6996 5910 4513 9356 2826 6906 5010 7878 2727 4079 3679 6191
27 2429 2791 3188 5711 1474 6946 1297 4787 9859 6114 8749 8903 6137 2256 4681 420 414 5333 5412 8663 1495 5416 5119 1488 9608 3723 4725
7 6633 6851 8254 476 8397 7304 3985
21 2278 7104 7372 7870 3972 4652 85 8804 7118 244 4195 230 9054 4002 5692 5715 1027 2376 8091 8057 3097
8 2774 8073 6338 5621 9538 7386 1880 8022
27 9020 1090 9805 4228 2787 6927 3775 990 9822 2547 9644 8108 5243 4188 8621 9506 4369 6308 7333 496 3413 5762 2096 2372 1507 7600 6467
12 2418 7671 5912 3415 3745 4484 6334 2334 4908 3914 7184 148
30 9291 6924 3821 2537 2245 6446 7663 4664 2260 1943 5567 8159 9741 6253 1981 8415 5140 6560 1035 1375 6732 9597 6302 7836 1726 5923 3107 1701 840 4310
31 9626 4437 7248 98 4101 6647 1480 8645 9611 9881 5201 6059 9157 809 6816 9163 7982 53 1818 6684 681 1567 1076 8999 6145 2914 5388 679 7818 246 1009
20 7429 6745 5352 3778 2515 8266 4111 5094 5801 999 7497 1058 7294 6660 6568 6180 9124 3106 3252 9569
13 8878 2425 782 6076 2288 1129 1158 6401 3126 9668 8770 566 4103
14 9913 1186 9171 3802 8378 9357 7037 3278 575 8906 3508 7930 6531 3491
22 9187 9544 5025 854 233 1322 4210 9312 3752 7855 3497 5607 9279 1851 9931 4161 1026 9032 443 4393 4779 5646
18 8509 3459 8440 290 3807 9410 2831 9234 8782 9809 2885 1470 9987 7147 5342 4641 5294 4599
23 4078 1773 6208 2352 1046 9981 6359 8860 1891 5155 3534 3963 9709 9269 3553 116 2144 8117 8241 8045 2962 1268 2620
18 4586 271 6125 1201 7492 7284 8135 7023 9531 2028 9217 2719 5493 8716 416 107 7667 1642
19 4644 7534 3657 3751 6830 6897 754 9389 1780 167 9040 8364 2363 5787 5147 8087 4723 9215 8171
16 8310 1414 513 2783 4520 9732 2567 4026 4464 4229 3563 1694 6214 7978 5446 1439
26 4008 8029 1588 4246 9625 2952 4171 6380 8243 546 2906 1820 4019 612 2882 4135 9867 1925 9748 6773 6666 8561 6348 441 5264 6185
27 2327 3029 9890 7690 2140 8298 7933 6962 6566 4561 6926 3121 3079 1982 6289 8811 1298 8354 2617 2895 9883 1303 7989 579 1952 7611 4177
18 4098 5112 4421 8146 3740 4403 4119 5550 2898 1292 1774 680 4824 9533 8776 2974 641 8147
11 7227 362 4814 9115 2490 6731 3280 7943 8043 2441 2897
18 6694 8713 4815 4250 3051 8353 1864 286 2842 7749 193 6885 7506 7834 763 7017 6595 3589
35 219 9974 2657 7572 6749 3420 1557 6216 4749 8652 8981 2702 8843 5039 4594 8004 2173 9431 5117 8592 8465 6510 5328 7774 2692 7540 60 3140 8090 4424 3250 587 3335 2618 7252
11 2176 3246 7590 3526 5056 8684 8132 5897 2492 3431 5232
14 303 3651 481 3050 9179 7912 9165 4477 6460 365 584 8598 22 492
8 1815 315 6265 8868 8071 2502 3965 4929
14 3008 7428 47 5627 3054 3760 5138 6496 6768 5508 1653 757 1547 6603
27 1335 3236 3865 4048 1123 7368 3893 4312 3873 2190 7063 9946 1671 3897 7447 2367 5339 2801 1788 1361 7489 5078 1575 2880 6573 6257 9906
10 5222 8774 5829 4411 9750 912 5839 2998 605 4157
30 8271 9191 3830 5888 6575 5287 9158 5915 8288 5302 777 6775 3699 9378 9643 803 9697 6351 344 8068 8234 7421 9094 4458 5048 2689 3889 3518 9522 7601
10 9670 328 4717 8344 7798 4890 7273 4974 2099 3737
26 2944 4255 8766 4957 6648 2745 4966 3373 711 2648 1188 698 412 238 4316 7454 3061 5754 7854 8946 4363 7917 5977 8648 1931 8740
18 6361 1734 5282 3058 1175 7209 8151 9833 524 9229 928 433 2793 8525 5832 2851 3705 2597
32 3442 8425 9556 3411 6316 32 6584 8876 2240 4433 4802 5340 7351 5640 5421 7326 2871 2688 9855 7852 1764 165 3240 4252 2628 1156 3652 1698 8267 3586 9782 4018
11 3321 3774 5570 2844 4288 8943 8417 3274 9369 9635 6060
15 3647 9021 1548 9605 1036 7302 9365 2638 5657 5252 9745 432 8196 4606 5551
29 8564 3067 8346 6430 6024 8412 5260 8229 5070 3877 8576 8476 4459 2139 2995 5448 8443 6632 5144 5315 2968 3243 3486 9210 8130 4812 1293 1636 6227
10 7716 8231 7942 8215 1334 5207 9484 7784 5230 7115
19 7013 9231 184 5419 8524 6827 1596 9725 3568 4755 7396 1157 8837 5643 8867 1795 6057 3688 4432
11 113 5487 5887 2235 9738 6222 4532 6987 280 9287 9476
8 6913 1421 8088 5889 3671 2822 638 3042
24 1315 7156 4935 9045 4733 5678 8367 4713 178 6579 1309 2393 3754 4566 7148 3547 9403 7402 2757 3913 1606 331 6860 9693
20 9707 658 661 4673 1723 761 7245 1631 775 7679 1431 6641 1069 9225 6683 3395 9740 3286 3458 3125
30 6607 9412 5516 1963 7994 7096 3418 3062 9912 30 2958 9566 1264 8935 3406 7708 4694 8833 9739 5893 1763 7279 6841 5726 6577 3312 3185 472 9721 5592
4 3168 9595 6879 7206
22 2313 5744 4848 5712 8682 4318 5690 2802 3675 2412 3837 9266 6489 6086 6546 7606 7517 366 522 8163 5760 2609
35 5299 1492 2626 1200 9769 4376 8128 376 8176 4300 9132 1455 7984 6379 3271 4651 7529 9911 4582 4452 8920 3747 6282 1432 7623 2529 6341 6440 7589 8216 5676 3665 9703 4918 2509
30 6783 6485 2143 3866 2440 9345 8421 8882 4880 1725 8827 8339 508 137 694 5102 8565 9239 5741 8668 653 4461 2858 6448 5634 4771 1809 2310 8226 4042
8 1724 9459 5813 8683 9669 9860 307 8910
26 5402 8629 2690 6000 6526 1352 3205 3624 3173 6868 7635 6802 7886 5420 5038 9615 747 3379 7845 6992 341 4474 7673 6481 1718 8947
19 6900 1635 3786 69 3885 9819 7203 9846 7988 8239 586 5959 7672 3962 4076 5796 1373 3244 7581
30 2507 2963 8309 5663 2442 8546 8160 65 1255 3645 6187 9331 4597 7718 6733 8498 9318 9201 9056 5759 7470 3322 6195 8685 5613 1258 4522 7776 707 1473
29 5343 3024 565 9735 4639 6374 2884 5899 8664 2054 7167 7594 5523 5532 5104 77 7047 4438 8885 1317 9501 9808 7051 3718 5745 4277 2200 7938 5504
31 3667 3104 9586 7382 4139 8742 9159 4227 9641 3228 8148 1612 3761 6619 2218 9292 6970 1337 6542 6697 528 1941 4754 7377 9989 9841 5236 9600 6817 9915 8847
13 554 7846 7637 3605 7442 753 7665 1443 4278 1376 6016 4451 5631
13 7088 1697 1986 8989 3663 1676 5619 3314 8743 8767 2955 8074 6517
25 7463 696 6053 7000 152 8854 292 7811 2115 1504 2315 1590 405 1882 7536 8318 2489 8010 1933 6564 4142 9423 7899 2818 2163
6 8587 3202 6521 3128 1909 2019
31 6418 2784 7631 4703 9071 9199 3532 4270 1896 9701 9823 3799 5534 8661 1551 232 9863 1906 5993 5677 6315 7371 7199 7473 1990 1356 4054 3033 797 1115 5606
19 9698 2426 1527 4088 7464 1623 9665 8839 9580 9005 743 8479 2604 602 8888 5563 8625 1052 9196
16 8698 2928 8351 9575 4409 531 2385 1511 3785 3429 5608 4426 7488 3824 8865 1131
26 3696 9392 821 3133 7515 4293 4211 8901 7614 5464 9658 4468 4191 1107 2918 4943 2853 289 5833 5431 729 4305 1204 7405 9719 1120
10 6780 8449 2780 7085 5351 2799 2751 3214 2590 6753
29 6767 166 1955 956 9634 8575 8609 1189 2072 7873 9980 7770 6571 4365 4060 4620 4000 8478 9034 3634 1611 9772 5096 265 1408 3464 9146 4145 1006
31 4377 5218 2711 5017 8747 1884 4485 159 2753 175 1016 5864 4096 6488 8646 6820 3018 8528 3822 8781 6640 1049 8358 6592 7803 2196 7496 4383 5973 4047 3945
4 6044 8426 9927 5891
26 4056 5654 212 2570 4035 9262 3326 6737 7316 9324 4340 282 6778 6995 5136 2739 6936 9148 7423 2807 6207 7719 4951 58 2772 3969
26 2531 5060 730 9757 8796 5495 6313 1436 382 7926 5768 6451 7599 1622 4831 7408 5321 2344 495 1594 8802 8602 828 5616 1147 8374
20 6412 4693 4794 284 8681 6034 8642 300 4415 4773 3710 9420 3894 11 2479 4279 547 5969 722 2586
25 2135 8290 8784 4050 8093 982 9923 7010 4792 979 6674 9015 1037 2258 9488 8658 8050 7185 944 1244 1658 1683 6087 2659 1646
8 2949 8484 7117 8157 6021 1430 1817 3883
13 3410 1689 4863 3615 415 3793 4552 3798 9992 3211 8253 3749 1003
17 5881 3170 5307 7882 8737 1859 4105 3227 355 3182 2568 8544 9026 1320 6129 6792 1022
27 1879 3891 7465 9254 7668 9100 2394 9101 8984 8214 8620 9784 6116 9929 3598 3361 1704 1673 4632 6046 2491 5596 5926 6569 7123 710 2208
24 8086 1489 5205 6922 9450 4914 4555 8228 6484 8493 8826 4085 8540 936 5986 8863 1918 8704 4381 8762 488 2337 6514 8238
33 8189 6741 4875 483 330 7479 7636 189 2910 6680 4330 9113 9547 1165 1965 2274 7820 1450 4370 4454 6267 2876 850 3344 7481 535 8939 4350 8690 4531 5407 296 9990
31 2828 3329 6003 9562 3583 5228 6896 2320 9952 147 7078 4357 4009 1471 6262 7046 7486 9185 9211 7027 3582 3001 8206 1812 8174 2013 2211 6080 8138 6241 9117
31 1543 1609 2957 7580 6474 2409 3232 9836 8505 9167 867 9939 72 9955 1283 9653 1690 6234 7514 5703 5392 4760 4462 2733 8305 3238 6968 8372 2608 7881 3310
3 1794 6377 7678
6 7849 5746 4867 4011 3911 1018
12 6403 1949 7477 553 2809 7370 7727 9779 1420 4075 2939 1378
22 3156 1512 6669 9353 8042 823 1263 6744 6324 4389 5772 6781 593 9606 7639 236 5544 9338 4695 9937 2172 939
33 394 1852 8835 2112 7692 46 8324 105 6161 9882 4068 2400 1946 4805 7735 8169 357 6167 78 3613 9413 6286 2002 9434 9690 6976 7742 5942 6789 7395 9203 4803 2845
31 9393 6404 6875 419 1628 8368 9138 8667 1568 4470 6306 8141 1125 9510 7510 7728 3769 3412 735 925 2317 1877 54 2361 8501 7112 758 9876 2623 8497 8069
27 6269 2915 9286 1508 9872 942 5366 2556 8798 7296 3339 1468 8593 4947 8583 4745 5518 5190 7385 9197 5928 5467 7035 8613 2940 6212 3533
19 6843 5721 933 2663 8403 91 6784 2667 2525 1193 1598 8928 395 3474 5143 3470 1235 7773 8019
31 5027 9768 1054 5732 6398 5422 1232 2661 1109 3867 4853 8864 320 350 1827 3178 9924 2029 3189 5595 2855 1274 8222 2554 3080 274 3369 7281 6715 1230 6405
28 7709 8979 825 8219 4656 7785 6247 2291 2164 5514 2612 3075 5389 9849 4810 7659 1678 1083 9667 2562 7144 7290 648 8275 6339 9259 302 6717
23 7188 4352 6630 4784 1203 6104 2024 7222 4988 6483 7549 870 9788 9173 5355 5013 8097 6108 322 7073 8278 7042 7467
9 1332 9087 4507 9954 6285 2593 3134 7335 2100
22 1515 1372 2511 9487 9512 1496 5913 4441 138 1787 8788 4700 1095 1419 1972 4731 4315 8612 6458 906 4338 971
35 4475 9666 8338 3375 1627 5674 3290 4327 4699 5792 5074 5256 463 5569 1389 9077 4219 5929 8961 678 4217 9428 1824 5512 5203 8805 7945 5820 2811 8380 336 845 6492 1837 2664
31 1992 9473 2642 5182 7434 4372 8037 9561 4355 2206 3421 9659 5353 880 684 1525 50 5966 8738 7327 5200 8041 7835 6725 5037 7977 6676 6384 4553 5629 5275
20 7064 8715 6245 4245 3477 921 2969 2043 523 4206 8103 9300 5305 4394 4264 4329 8726 759 3535 2839
24 7928 8711 2184 8820 3428 7650 5763 8844 3223 3943 312 664 7283 7313 2267 176 9775 9446 6461 3871 4185 2286 5542 4292
18 8213 8792 448 3542 5453 3215 1583 5014 4638 3851 2234 3225 1536 2961 5536 3922 5720 4140
16 6912 8809 9687 6386 8814 1065 1822 3484 5068 6027 9049 7951 3522 9792 3347 247
31 8787 3849 9144 5212 3565 8768 1079 9242 5701 6832 6925 6751 9361 1461 283 153 8258 1485 261 4166 8317 6999 4961 4401 7487 7669 2457 2253 1573 2276 8775
30 3697 9306 6327 2577 8504 5088 8300 7604 1220 5933 7898 4263 4942 4430 3154 7939 9218 9958 8966 7247 8880 6766 8096 5688 4408 6411 9290 4683 9354 5723
31 4435 7471 9282 4920 3915 8155 657 7762 4397 1944 5247 2938 947 7195 7262 2990 7072 878 7908 2027 6388 8423 6954 9898 6250 2329 8078 5273 8594 231 910
32 4536 8277 2904 7554 9511 146 5724 2602 8220 8237 8963 133 4074 774 6014 4187 4535 2336 2403 5414 2650 1703 5505 1467 5791 3995 8861 2993 7311 9334 6433 9716
22 6656 1625 5090 6984 9180 2930 9645 8780 5907 4125 776 8793 9509 4023 2911 3306 3642 1801 9427 13 6665 5672
9 8640 3311 1208 174 2583 2098 2697 1359 8217
33 5693 1024 5425 35 7438 403 444 5764 9539 2229 3772 8807 2596 7189 1989 4212 7652 7897 2097 4783 9857 7480 3804 4743 721 4670 7349 3441 1336 7052 321 6323 7441
28 3869 1438 8203 4720 7884 161 2527 7048 1330 865 1199 5373 4032 5072 9902 1926 748 3823 8388 995 6291 5319 3349 9568 6177 4568 3812 6702
28 1227 2520 4665 4285 596 5662 4764 3364 369 4113 8494 4772 7904 9079 5738 8006 2619 1225 6136 2704 885 6500 783 9168 9589 6258 9829 8377
31 7293 5698 435 7787 4585 2900 4123 4045 4347 2011 6345 2645 458 8366 3139 8692 4460 5625 3660 2894 4548 9699 2446 974 4556 8386 5435 3035 1849 6795 7681
33 2324 2335 168 9289 225 9761 9481 2966 1716 9192 5133 4290 4660 1296 537 8325 3599 7505 7378 2328 6142 868 4341 4375 466 637 2643 1288 4402 8106 796 3975 1134
28 5971 6068 6536 266 2180 5344 4944 7221 163 7924 2501 732 8361 5320 3481 6303 6309 4131 7225 5175 9599 5949 7751 8532 3929 8558 8301 7166
28 6662 9274 6836 3199 378 1902 6719 4356 1369 6909 9441 7872 2137 2154 6785 1466 5992 6847 9594 6320 7970 5216 3324 4996 3094 9311 2300 794
16 3253 8158 9806 2216 7628 4595 2954 7176 1831 8031 4265 2062 8076 5975 5334 5586
23 1447 4455 8410 1601 8187 2033 9134 2377 8800 3974 1198 3157 7796 9592 6629 7507 7217 5080 1163 4373 3668 3834 4557
33 3333 6786 4349 2967 3433 4872 7301 9496 5076 3859 7754 8533 6211 2945 953 5519 4950 9708 1096 4952 1360 4534 5585 1404 8639 1219 9350 7350 4570 8674 9396 6417 9834
14 1194 1908 8940 8379 9948 4819 6610 5127 1426 8411 8482 2752 5293 8131
26 2296 1674 428 5719 1667 3082 7816 3746 6865 2366 235 4892 614 9896 4964 9683 1782 1405 471 7280 4931 6019 5439 6917 2055 7789
17 9733 9691 1804 9680 3116 4070 7519 4837 2460 8012 5118 7181 2606 70 421 1001 7001